[app/ui]
version = 6.6.2
modtime = 1507249701.270805000

[app/launcher]
version = 6.6.2
modtime = 1507249701.278692000

[app/package/check_for_updates]
version = 6.6.2
modtime = 1507249701.282339000
